Input data for oil filtration calculation
SizeX=  1.50000000000000E+0002
SizeY=  1.50000000000000E+0002
MeshNX= 100
MeshNY= 100
NumTimeSteps= 20000
FileWriteTimeSteps= 20
TStep=  1.00000000000000E-0002
Porosity=  2.00000000000000E-0001
Permeability=  1.00000000000000E-0010

NumWells= 2
Well0: x=  1.00000000000000E+0000 y=  1.00000000000000E+0000 Debit=  3.00000000000000E+0002 WS=  0.80000000000000E+0000 C=  1.00000000000000E+0000
Well1: x=  1.49000000000000E+0002 y=  1.49000000000000E+0002 Debit= -3.00000000000000E+0002 WS=  0.00000000000000E+0000 C=  0.00000000000000E+0000
